# wavelength_um,flux_ratio
2.000000e-01,4.014125e-11
2.002001e-01,4.028484e-11
2.004004e-01,4.020559e-11
2.006009e-01,4.013979e-11
2.008016e-01,4.002279e-11
2.010025e-01,3.998576e-11
2.012036e-01,3.995568e-11
2.014049e-01,3.995906e-11
2.016064e-01,3.979536e-11
2.018081e-01,3.966279e-11
2.020100e-01,3.970766e-11
2.022121e-01,3.956007e-11
2.024145e-01,3.944917e-11
2.026170e-01,3.939660e-11
2.028197e-01,3.931450e-11
2.030226e-01,3.920973e-11
2.032257e-01,3.913771e-11
2.034291e-01,3.894521e-11
2.036326e-01,3.884713e-11
2.038363e-01,3.877698e-11
2.040403e-01,3.866639e-11
2.042444e-01,3.858103e-11
2.044488e-01,3.848828e-11
2.046533e-01,3.831757e-11
2.048581e-01,3.817205e-11
2.050630e-01,3.804559e-11
2.052682e-01,3.799063e-11
2.054736e-01,3.794558e-11
2.056791e-01,3.783157e-11
2.058849e-01,3.775691e-11
2.060909e-01,3.770905e-11
2.062971e-01,3.765536e-11
2.065035e-01,3.745581e-11
2.067101e-01,3.732076e-11
2.069169e-01,3.719246e-11
2.071239e-01,3.713725e-11
2.073312e-01,3.699492e-11
2.075386e-01,3.682979e-11
2.077462e-01,3.678795e-11
2.079541e-01,3.661270e-11
2.081622e-01,3.635237e-11
2.083704e-01,3.631665e-11
2.085789e-01,3.620690e-11
2.087876e-01,3.606790e-11
2.089965e-01,3.587581e-11
2.092056e-01,3.577040e-11
2.094149e-01,3.559193e-11
2.096244e-01,3.550487e-11
2.098341e-01,3.529673e-11
2.100441e-01,3.515177e-11
2.102542e-01,3.504952e-11
2.104646e-01,3.494315e-11
2.106751e-01,3.480066e-11
2.108859e-01,3.472040e-11
2.110969e-01,3.463539e-11
2.113081e-01,3.451650e-11
2.115195e-01,3.444699e-11
2.117312e-01,3.435014e-11
2.119430e-01,3.420368e-11
2.121550e-01,3.409049e-11
2.123673e-01,3.392085e-11
2.125798e-01,3.378449e-11
2.127925e-01,3.361433e-11
2.130054e-01,3.344742e-11
2.132185e-01,3.325508e-11
2.134318e-01,3.309630e-11
2.136453e-01,3.296795e-11
2.138591e-01,3.277256e-11
2.140731e-01,3.261473e-11
2.142872e-01,3.229702e-11
2.145016e-01,3.206571e-11
2.147162e-01,3.183308e-11
2.149311e-01,3.168714e-11
2.151461e-01,3.143796e-11
2.153614e-01,3.113792e-11
2.155768e-01,3.090892e-11
2.157925e-01,3.072980e-11
2.160084e-01,3.054296e-11
2.162245e-01,3.028298e-11
2.164409e-01,3.007613e-11
2.166574e-01,2.982130e-11
2.168742e-01,2.958232e-11
2.170912e-01,2.925333e-11
2.173084e-01,2.896525e-11
2.175258e-01,2.867821e-11
2.177434e-01,2.844398e-11
2.179613e-01,2.807606e-11
2.181793e-01,2.786802e-11
2.183976e-01,2.760707e-11
2.186161e-01,2.734413e-11
2.188349e-01,2.699928e-11
2.190538e-01,2.664765e-11
2.192730e-01,2.631659e-11
2.194923e-01,2.602014e-11
2.197120e-01,2.571416e-11
2.199318e-01,2.532978e-11
2.201518e-01,2.505117e-11
2.203721e-01,2.481374e-11
2.205926e-01,2.453882e-11
2.208133e-01,2.420869e-11
2.210342e-01,2.391315e-11
2.212553e-01,2.359220e-11
2.214767e-01,2.324338e-11
2.216983e-01,2.289951e-11
2.219201e-01,2.266935e-11
2.221421e-01,2.232718e-11
2.223644e-01,2.204705e-11
2.225869e-01,2.167557e-11
2.228096e-01,2.133837e-11
2.230325e-01,2.089567e-11
2.232556e-01,2.042509e-11
2.234790e-01,2.026461e-11
2.237026e-01,1.996209e-11
2.239264e-01,1.959388e-11
2.241504e-01,1.932340e-11
2.243747e-01,1.898850e-11
2.245992e-01,1.868329e-11
2.248239e-01,1.841320e-11
2.250488e-01,1.819779e-11
2.252740e-01,1.793696e-11
2.254994e-01,1.764376e-11
2.257250e-01,1.735640e-11
2.259508e-01,1.712032e-11
2.261769e-01,1.692015e-11
2.264032e-01,1.663340e-11
2.266297e-01,1.635343e-11
2.268564e-01,1.618421e-11
2.270834e-01,1.590141e-11
2.273106e-01,1.563251e-11
2.275380e-01,1.533718e-11
2.277657e-01,1.514808e-11
2.279936e-01,1.495653e-11
2.282217e-01,1.470769e-11
2.284500e-01,1.451400e-11
2.286786e-01,1.429843e-11
2.289074e-01,1.407215e-11
2.291364e-01,1.387872e-11
2.293656e-01,1.362165e-11
2.295951e-01,1.343775e-11
2.298248e-01,1.326973e-11
2.300548e-01,1.307730e-11
2.302849e-01,1.285882e-11
2.305153e-01,1.268198e-11
2.307460e-01,1.247347e-11
2.309768e-01,1.228098e-11
2.312079e-01,1.207788e-11
2.314392e-01,1.187820e-11
2.316708e-01,1.168470e-11
2.319026e-01,1.148589e-11
2.321346e-01,1.124214e-11
2.323669e-01,1.105488e-11
2.325993e-01,1.087543e-11
2.328321e-01,1.071810e-11
2.330650e-01,1.054778e-11
2.332982e-01,1.039046e-11
2.335316e-01,1.023380e-11
2.337652e-01,1.012846e-11
2.339991e-01,9.978079e-12
2.342332e-01,9.776589e-12
2.344676e-01,9.646056e-12
2.347022e-01,9.524635e-12
2.349370e-01,9.323152e-12
2.351721e-01,9.209063e-12
2.354073e-01,9.076583e-12
2.356429e-01,8.938572e-12
2.358786e-01,8.756960e-12
2.361146e-01,8.614629e-12
2.363509e-01,8.504295e-12
2.365873e-01,8.392820e-12
2.368240e-01,8.303145e-12
2.370610e-01,8.196635e-12
2.372982e-01,8.104506e-12
2.375356e-01,7.979234e-12
2.377732e-01,7.843095e-12
2.380111e-01,7.710858e-12
2.382492e-01,7.649836e-12
2.384876e-01,7.559250e-12
2.387262e-01,7.430965e-12
2.389651e-01,7.343669e-12
2.392042e-01,7.252895e-12
2.394435e-01,7.111036e-12
2.396830e-01,6.958654e-12
2.399228e-01,6.834740e-12
2.401629e-01,6.776285e-12
2.404032e-01,6.736203e-12
2.406437e-01,6.671850e-12
2.408845e-01,6.613338e-12
2.411255e-01,6.540463e-12
2.413667e-01,6.484709e-12
2.416082e-01,6.365958e-12
2.418499e-01,6.308982e-12
2.420919e-01,6.230799e-12
2.423341e-01,6.137512e-12
2.425766e-01,6.065077e-12
2.428193e-01,5.989415e-12
2.430622e-01,5.886138e-12
2.433054e-01,5.815975e-12
2.435488e-01,5.696939e-12
2.437925e-01,5.645892e-12
2.440364e-01,5.559918e-12
2.442806e-01,5.512328e-12
2.445250e-01,5.479378e-12
2.447696e-01,5.427197e-12
2.450145e-01,5.392126e-12
2.452596e-01,5.355565e-12
2.455050e-01,5.277026e-12
2.457506e-01,5.168548e-12
2.459965e-01,5.137982e-12
2.462426e-01,5.135247e-12
2.464890e-01,5.094154e-12
2.467356e-01,5.044005e-12
2.469825e-01,5.029891e-12
2.472296e-01,4.945494e-12
2.474769e-01,4.910095e-12
2.477245e-01,4.856298e-12
2.479724e-01,4.789822e-12
2.482205e-01,4.774472e-12
2.484688e-01,4.694133e-12
2.487174e-01,4.664313e-12
2.489663e-01,4.611179e-12
2.492154e-01,4.564986e-12
2.494647e-01,4.547886e-12
2.497143e-01,4.491316e-12
2.499641e-01,4.415754e-12
2.502142e-01,4.390691e-12
2.504645e-01,4.407978e-12
2.507151e-01,4.402927e-12
2.509660e-01,4.392896e-12
2.512171e-01,4.366872e-12
2.514684e-01,4.274028e-12
2.517200e-01,4.204522e-12
2.519719e-01,4.152525e-12
2.522240e-01,4.127008e-12
2.524763e-01,4.153122e-12
2.527289e-01,4.126024e-12
2.529818e-01,4.116354e-12
2.532349e-01,4.050542e-12
2.534882e-01,4.007220e-12
2.537418e-01,3.965605e-12
2.539957e-01,3.938274e-12
2.542498e-01,3.954519e-12
2.545042e-01,3.991899e-12
2.547588e-01,3.979802e-12
2.550137e-01,3.873883e-12
2.552689e-01,3.761613e-12
2.555243e-01,3.742086e-12
2.557799e-01,3.778052e-12
2.560358e-01,3.822435e-12
2.562920e-01,3.867010e-12
2.565484e-01,3.914810e-12
2.568051e-01,3.911782e-12
2.570620e-01,3.848341e-12
2.573192e-01,3.824030e-12
2.575767e-01,3.841266e-12
2.578344e-01,3.844001e-12
2.580923e-01,3.825990e-12
2.583506e-01,3.736859e-12
2.586090e-01,3.633816e-12
2.588678e-01,3.620685e-12
2.591268e-01,3.693299e-12
2.593860e-01,3.811658e-12
2.596455e-01,3.905833e-12
2.599053e-01,3.910770e-12
2.601653e-01,3.812193e-12
2.604256e-01,3.705429e-12
2.606862e-01,3.646411e-12
2.609470e-01,3.690225e-12
2.612081e-01,3.784002e-12
2.614694e-01,3.851742e-12
2.617310e-01,3.851041e-12
2.619929e-01,3.807807e-12
2.622550e-01,3.733029e-12
2.625174e-01,3.712851e-12
2.627801e-01,3.785664e-12
2.630430e-01,3.901331e-12
2.633061e-01,3.956587e-12
2.635696e-01,3.946497e-12
2.638333e-01,3.874925e-12
2.640972e-01,3.793841e-12
2.643615e-01,3.756363e-12
2.646260e-01,3.780974e-12
2.648907e-01,3.898460e-12
2.651558e-01,3.968482e-12
2.654210e-01,3.910788e-12
2.656866e-01,3.881241e-12
2.659524e-01,3.905884e-12
2.662185e-01,3.984702e-12
2.664848e-01,4.015169e-12
2.667515e-01,4.080322e-12
2.670184e-01,4.186543e-12
2.672855e-01,4.171969e-12
2.675529e-01,4.065504e-12
2.678206e-01,4.078392e-12
2.680886e-01,4.171180e-12
2.683568e-01,4.290773e-12
2.686253e-01,4.387410e-12
2.688940e-01,4.443844e-12
2.691631e-01,4.487588e-12
2.694324e-01,4.432320e-12
2.697019e-01,4.344208e-12
2.699718e-01,4.421719e-12
2.702419e-01,4.546740e-12
2.705123e-01,4.650179e-12
2.707829e-01,4.738942e-12
2.710538e-01,4.768416e-12
2.713250e-01,4.809424e-12
2.715965e-01,4.823321e-12
2.718682e-01,4.799657e-12
2.721402e-01,4.887026e-12
2.724125e-01,5.008841e-12
2.726850e-01,5.076787e-12
2.729579e-01,5.158457e-12
2.732309e-01,5.173622e-12
2.735043e-01,5.262624e-12
2.737780e-01,5.405191e-12
2.740519e-01,5.561389e-12
2.743261e-01,5.678954e-12
2.746005e-01,5.654721e-12
2.748753e-01,5.617019e-12
2.751503e-01,5.708062e-12
2.754256e-01,5.852159e-12
2.757011e-01,5.996093e-12
2.759770e-01,6.092539e-12
2.762531e-01,6.085876e-12
2.765295e-01,6.215653e-12
2.768061e-01,6.330197e-12
2.770831e-01,6.405147e-12
2.773603e-01,6.450758e-12
2.776378e-01,6.576063e-12
2.779156e-01,6.815450e-12
2.781936e-01,6.954367e-12
2.784720e-01,7.044523e-12
2.787506e-01,7.164521e-12
2.790295e-01,7.346192e-12
2.793086e-01,7.526720e-12
2.795881e-01,7.587199e-12
2.798678e-01,7.637448e-12
2.801478e-01,7.901158e-12
2.804281e-01,8.257165e-12
2.807087e-01,8.385247e-12
2.809895e-01,8.437147e-12
2.812707e-01,8.635744e-12
2.815521e-01,9.095588e-12
2.818338e-01,9.386063e-12
2.821157e-01,9.474409e-12
2.823980e-01,9.557763e-12
2.826805e-01,9.852294e-12
2.829634e-01,1.006344e-11
2.832465e-01,1.003356e-11
2.835298e-01,1.010851e-11
2.838135e-01,1.065719e-11
2.840975e-01,1.124218e-11
2.843817e-01,1.151971e-11
2.846662e-01,1.167840e-11
2.849510e-01,1.195782e-11
2.852361e-01,1.248040e-11
2.855215e-01,1.294601e-11
2.858072e-01,1.297771e-11
2.860931e-01,1.314661e-11
2.863794e-01,1.353920e-11
2.866659e-01,1.395191e-11
2.869527e-01,1.425625e-11
2.872398e-01,1.448746e-11
2.875272e-01,1.505304e-11
2.878149e-01,1.592935e-11
2.881028e-01,1.655976e-11
2.883911e-01,1.699036e-11
2.886796e-01,1.736146e-11
2.889684e-01,1.780287e-11
2.892575e-01,1.836398e-11
2.895469e-01,1.898119e-11
2.898366e-01,1.961241e-11
2.901266e-01,2.002036e-11
2.904169e-01,2.049535e-11
2.907074e-01,2.098788e-11
2.909983e-01,2.166452e-11
2.912894e-01,2.253485e-11
2.915809e-01,2.357525e-11
2.918726e-01,2.468305e-11
2.921646e-01,2.536102e-11
2.924569e-01,2.586976e-11
2.927495e-01,2.618663e-11
2.930424e-01,2.710082e-11
2.933356e-01,2.835035e-11
2.936291e-01,2.962566e-11
2.939229e-01,3.070133e-11
2.942169e-01,3.111759e-11
2.945113e-01,3.184668e-11
2.948060e-01,3.286149e-11
2.951009e-01,3.417775e-11
2.953962e-01,3.597806e-11
2.956917e-01,3.740222e-11
2.959876e-01,3.835497e-11
2.962837e-01,4.020518e-11
2.965801e-01,4.107474e-11
2.968768e-01,4.161788e-11
2.971739e-01,4.348306e-11
2.974712e-01,4.535878e-11
2.977688e-01,4.720529e-11
2.980667e-01,4.901382e-11
2.983649e-01,5.045467e-11
2.986635e-01,5.162252e-11
2.989623e-01,5.283172e-11
2.992614e-01,5.556969e-11
2.995608e-01,5.857961e-11
2.998605e-01,6.039727e-11
3.001605e-01,6.177454e-11
3.004608e-01,6.364482e-11
3.007614e-01,6.524675e-11
3.010624e-01,6.869696e-11
3.013636e-01,7.222828e-11
3.016651e-01,7.429952e-11
3.019669e-01,7.527532e-11
3.022690e-01,7.727166e-11
3.025714e-01,8.088105e-11
3.028742e-01,8.573797e-11
3.031772e-01,8.984150e-11
3.034805e-01,9.204640e-11
3.037841e-01,9.317315e-11
3.040881e-01,9.363272e-11
3.043923e-01,9.722285e-11
3.046969e-01,1.016958e-10
3.050017e-01,1.079452e-10
3.053069e-01,1.140583e-10
3.056123e-01,1.168660e-10
3.059181e-01,1.170451e-10
3.062242e-01,1.182505e-10
3.065305e-01,1.211990e-10
3.068372e-01,1.272755e-10
3.071442e-01,1.360607e-10
3.074515e-01,1.449538e-10
3.077591e-01,1.485884e-10
3.080670e-01,1.469187e-10
3.083753e-01,1.503994e-10
3.086838e-01,1.554204e-10
3.089926e-01,1.580922e-10
3.093018e-01,1.659612e-10
3.096112e-01,1.830894e-10
3.099210e-01,1.915800e-10
3.102311e-01,1.905863e-10
3.105415e-01,1.937025e-10
3.108522e-01,2.006763e-10
3.111632e-01,2.050991e-10
3.114745e-01,2.036533e-10
3.117861e-01,2.176958e-10
3.120981e-01,2.338806e-10
3.124103e-01,2.440795e-10
3.127229e-01,2.554643e-10
3.130358e-01,2.594591e-10
3.133489e-01,2.537540e-10
3.136624e-01,2.466682e-10
3.139763e-01,2.648420e-10
3.142904e-01,2.909555e-10
3.146048e-01,3.152874e-10
3.149196e-01,3.158421e-10
3.152347e-01,3.151449e-10
3.155501e-01,2.922081e-10
3.158658e-01,3.064215e-10
3.161818e-01,3.371232e-10
3.164982e-01,3.549845e-10
3.168148e-01,3.708920e-10
3.171318e-01,3.542535e-10
3.174491e-01,3.530319e-10
3.177667e-01,3.404934e-10
3.180846e-01,3.689002e-10
3.184029e-01,4.024768e-10
3.187214e-01,4.281005e-10
3.190403e-01,4.432563e-10
3.193595e-01,4.188147e-10
3.196790e-01,3.925785e-10
3.199989e-01,3.857769e-10
3.203190e-01,4.058682e-10
3.206395e-01,4.468216e-10
3.209603e-01,4.827348e-10
3.212814e-01,4.962428e-10
3.216029e-01,4.906812e-10
3.219246e-01,4.575333e-10
3.222467e-01,4.213655e-10
3.225691e-01,4.345288e-10
3.228918e-01,4.346266e-10
3.232149e-01,4.889277e-10
3.235383e-01,5.285361e-10
3.238620e-01,5.466374e-10
3.241860e-01,5.280400e-10
3.245103e-01,5.120554e-10
3.248350e-01,4.612737e-10
3.251600e-01,4.607928e-10
3.254853e-01,4.825281e-10
3.258110e-01,4.980629e-10
3.261370e-01,5.369743e-10
3.264633e-01,5.568993e-10
3.267899e-01,5.638077e-10
3.271168e-01,5.389889e-10
3.274441e-01,5.238992e-10
3.277717e-01,5.045080e-10
3.280997e-01,4.720164e-10
3.284279e-01,5.120520e-10
3.287565e-01,5.506233e-10
3.290854e-01,5.736718e-10
3.294147e-01,5.831633e-10
3.297443e-01,5.805256e-10
3.300742e-01,5.729505e-10
3.304044e-01,5.360943e-10
3.307350e-01,5.404802e-10
3.310659e-01,5.236269e-10
3.313971e-01,5.299520e-10
3.317287e-01,5.598706e-10
3.320606e-01,5.798919e-10
3.323928e-01,5.903585e-10
3.327254e-01,5.919472e-10
3.330583e-01,5.838314e-10
3.333915e-01,5.780211e-10
3.337250e-01,5.476456e-10
3.340589e-01,5.530023e-10
3.343932e-01,5.737727e-10
3.347277e-01,5.841499e-10
3.350626e-01,5.916096e-10
3.353978e-01,5.960422e-10
3.357334e-01,5.968067e-10
3.360693e-01,5.959610e-10
3.364055e-01,5.865458e-10
3.367421e-01,5.821826e-10
3.370790e-01,5.739289e-10
3.374163e-01,5.617126e-10
3.377539e-01,5.737430e-10
3.380918e-01,5.843543e-10
3.384300e-01,5.905927e-10
3.387686e-01,5.932569e-10
3.391076e-01,5.934823e-10
3.394469e-01,5.915931e-10
3.397865e-01,5.894463e-10
3.401264e-01,5.790976e-10
3.404667e-01,5.784646e-10
3.408074e-01,5.845447e-10
3.411483e-01,5.883189e-10
3.414897e-01,5.900860e-10
3.418313e-01,5.905134e-10
3.421733e-01,5.902109e-10
3.425157e-01,5.899943e-10
3.428584e-01,5.889723e-10
3.432014e-01,5.864112e-10
3.435448e-01,5.848035e-10
3.438885e-01,5.789239e-10
3.442325e-01,5.756066e-10
3.445769e-01,5.794715e-10
3.449217e-01,5.823264e-10
3.452668e-01,5.836551e-10
3.456122e-01,5.839655e-10
3.459580e-01,5.838769e-10
3.463041e-01,5.837700e-10
3.466506e-01,5.834338e-10
3.469974e-01,5.820795e-10
3.473446e-01,5.795335e-10
3.476921e-01,5.796801e-10
3.480400e-01,5.800579e-10
3.483882e-01,5.800443e-10
3.487368e-01,5.796828e-10
3.490857e-01,5.792474e-10
3.494349e-01,5.786787e-10
3.497846e-01,5.779634e-10
3.501345e-01,5.771906e-10
3.504848e-01,5.763848e-10
3.508355e-01,5.755470e-10
3.511865e-01,5.746758e-10
3.515379e-01,5.737551e-10
3.518896e-01,5.727589e-10
3.522416e-01,5.716726e-10
3.525941e-01,5.707188e-10
3.529468e-01,5.701546e-10
3.533000e-01,5.696311e-10
3.536534e-01,5.691031e-10
3.540073e-01,5.685662e-10
3.543614e-01,5.680147e-10
3.547160e-01,5.674455e-10
3.550709e-01,5.668549e-10
3.554261e-01,5.662360e-10
3.557817e-01,5.655985e-10
3.561377e-01,5.649369e-10
3.564940e-01,5.642402e-10
3.568507e-01,5.634922e-10
3.572077e-01,5.627497e-10
3.575651e-01,5.620175e-10
3.579228e-01,5.612350e-10
3.582809e-01,5.603963e-10
3.586394e-01,5.595404e-10
3.589982e-01,5.586845e-10
3.593574e-01,5.578482e-10
3.597169e-01,5.570375e-10
3.600768e-01,5.562534e-10
3.604371e-01,5.555058e-10
3.607977e-01,5.548221e-10
3.611587e-01,5.542929e-10
3.615200e-01,5.539812e-10
3.618817e-01,5.538150e-10
3.622438e-01,5.536849e-10
3.626062e-01,5.536721e-10
3.629690e-01,5.535701e-10
3.633321e-01,5.532379e-10
3.636957e-01,5.527997e-10
3.640595e-01,5.522821e-10
3.644238e-01,5.517403e-10
3.647884e-01,5.511863e-10
3.651534e-01,5.506065e-10
3.655187e-01,5.500158e-10
3.658844e-01,5.494183e-10
3.662505e-01,5.488086e-10
3.666169e-01,5.481876e-10
3.669837e-01,5.475644e-10
3.673509e-01,5.469412e-10
3.677184e-01,5.463147e-10
3.680863e-01,5.456876e-10
3.684546e-01,5.450592e-10
3.688232e-01,5.444463e-10
3.691922e-01,5.438574e-10
3.695616e-01,5.432737e-10
3.699313e-01,5.426951e-10
3.703015e-01,5.421280e-10
3.706719e-01,5.415663e-10
3.710428e-01,5.410098e-10
3.714140e-01,5.404427e-10
3.717856e-01,5.398598e-10
3.721576e-01,5.392849e-10
3.725299e-01,5.387270e-10
3.729027e-01,5.381741e-10
3.732757e-01,5.376213e-10
3.736492e-01,5.370687e-10
3.740230e-01,5.365142e-10
3.743973e-01,5.359507e-10
3.747718e-01,5.353681e-10
3.751468e-01,5.347772e-10
3.755221e-01,5.342014e-10
3.758978e-01,5.336302e-10
3.762739e-01,5.330331e-10
3.766504e-01,5.324058e-10
3.770272e-01,5.317421e-10
3.774044e-01,5.310122e-10
3.777820e-01,5.302503e-10
3.781600e-01,5.294698e-10
3.785384e-01,5.286730e-10
3.789171e-01,5.278864e-10
3.792962e-01,5.271252e-10
3.796757e-01,5.263823e-10
3.800555e-01,5.256884e-10
3.804358e-01,5.250923e-10
3.808164e-01,5.245849e-10
3.811974e-01,5.241320e-10
3.815788e-01,5.237332e-10
3.819606e-01,5.233832e-10
3.823427e-01,5.230374e-10
3.827253e-01,5.226492e-10
3.831082e-01,5.222089e-10
3.834915e-01,5.217369e-10
3.838752e-01,5.212533e-10
3.842592e-01,5.207738e-10
3.846437e-01,5.202850e-10
3.850285e-01,5.197839e-10
3.854137e-01,5.192752e-10
3.857994e-01,5.187547e-10
3.861853e-01,5.182344e-10
3.865717e-01,5.177141e-10
3.869585e-01,5.171819e-10
3.873456e-01,5.166482e-10
3.877332e-01,5.161157e-10
3.881211e-01,5.155838e-10
3.885094e-01,5.150472e-10
3.888981e-01,5.145107e-10
3.892872e-01,5.139895e-10
3.896767e-01,5.134672e-10
3.900666e-01,5.129294e-10
3.904568e-01,5.124059e-10
3.908475e-01,5.118748e-10
3.912385e-01,5.113705e-10
3.916300e-01,5.108572e-10
3.920218e-01,5.103471e-10
3.924140e-01,5.098700e-10
3.928066e-01,5.094081e-10
3.931996e-01,5.089497e-10
3.935930e-01,5.084855e-10
3.939868e-01,5.080074e-10
3.943810e-01,5.075345e-10
3.947756e-01,5.070852e-10
3.951705e-01,5.066473e-10
3.955659e-01,5.061996e-10
3.959617e-01,5.057296e-10
3.963578e-01,5.051986e-10
3.967544e-01,5.047609e-10
3.971513e-01,5.040785e-10
3.975487e-01,5.033927e-10
3.979464e-01,5.034486e-10
3.983446e-01,5.030286e-10
3.987431e-01,5.025556e-10
3.991421e-01,5.020723e-10
3.995414e-01,5.016519e-10
3.999412e-01,5.012076e-10
4.003413e-01,5.007159e-10
4.007418e-01,5.001729e-10
4.011428e-01,4.997298e-10
4.015441e-01,4.992705e-10
4.019459e-01,4.987598e-10
4.023480e-01,4.982652e-10
4.027506e-01,4.977490e-10
4.031535e-01,4.972554e-10
4.035569e-01,4.967718e-10
4.039606e-01,4.962766e-10
4.043648e-01,4.957745e-10
4.047694e-01,4.952856e-10
4.051743e-01,4.947911e-10
4.055797e-01,4.942991e-10
4.059855e-01,4.938038e-10
4.063917e-01,4.933041e-10
4.067983e-01,4.928132e-10
4.072053e-01,4.923266e-10
4.076127e-01,4.918404e-10
4.080205e-01,4.913489e-10
4.084287e-01,4.908156e-10
4.088374e-01,4.902706e-10
4.092464e-01,4.897209e-10
4.096559e-01,4.891196e-10
4.100657e-01,4.883982e-10
4.104760e-01,4.878095e-10
4.108867e-01,4.872616e-10
4.112978e-01,4.867147e-10
4.117093e-01,4.861686e-10
4.121212e-01,4.856221e-10
4.125335e-01,4.850724e-10
4.129462e-01,4.845267e-10
4.133594e-01,4.839660e-10
4.137730e-01,4.834394e-10
4.141869e-01,4.828954e-10
4.146013e-01,4.823503e-10
4.150161e-01,4.818125e-10
4.154314e-01,4.812226e-10
4.158470e-01,4.807170e-10
4.162631e-01,4.802293e-10
4.166795e-01,4.797228e-10
4.170964e-01,4.794173e-10
4.175137e-01,4.790490e-10
4.179315e-01,4.786517e-10
4.183496e-01,4.782692e-10
4.187682e-01,4.778651e-10
4.191871e-01,4.774646e-10
4.196065e-01,4.770701e-10
4.200263e-01,4.766937e-10
4.204466e-01,4.763024e-10
4.208672e-01,4.759155e-10
4.212883e-01,4.755160e-10
4.217098e-01,4.751425e-10
4.221317e-01,4.747575e-10
4.225541e-01,4.743730e-10
4.229768e-01,4.739906e-10
4.234000e-01,4.736085e-10
4.238236e-01,4.732238e-10
4.242477e-01,4.727956e-10
4.246721e-01,4.723311e-10
4.250970e-01,4.718639e-10
4.255223e-01,4.714039e-10
4.259481e-01,4.709112e-10
4.263742e-01,4.704131e-10
4.268008e-01,4.700154e-10
4.272278e-01,4.695401e-10
4.276553e-01,4.690825e-10
4.280831e-01,4.686350e-10
4.285114e-01,4.681823e-10
4.289402e-01,4.677150e-10
4.293693e-01,4.672730e-10
4.297989e-01,4.668199e-10
4.302289e-01,4.663564e-10
4.306594e-01,4.658940e-10
4.310902e-01,4.654349e-10
4.315215e-01,4.649784e-10
4.319533e-01,4.645259e-10
4.323854e-01,4.640728e-10
4.328180e-01,4.636179e-10
4.332511e-01,4.631717e-10
4.336846e-01,4.627313e-10
4.341185e-01,4.622879e-10
4.345528e-01,4.618484e-10
4.349876e-01,4.614167e-10
4.354228e-01,4.609860e-10
4.358584e-01,4.605509e-10
4.362945e-01,4.601142e-10
4.367310e-01,4.596840e-10
4.371679e-01,4.592543e-10
4.376053e-01,4.588218e-10
4.380432e-01,4.583890e-10
4.384814e-01,4.579541e-10
4.389201e-01,4.575126e-10
4.393593e-01,4.570656e-10
4.397988e-01,4.566282e-10
4.402389e-01,4.561999e-10
4.406793e-01,4.557644e-10
4.411202e-01,4.552876e-10
4.415616e-01,4.547861e-10
4.420033e-01,4.543270e-10
4.424456e-01,4.536494e-10
4.428882e-01,4.530966e-10
4.433313e-01,4.529396e-10
4.437749e-01,4.522312e-10
4.442189e-01,4.520692e-10
4.446633e-01,4.516587e-10
4.451082e-01,4.510542e-10
4.455535e-01,4.506392e-10
4.459993e-01,4.499463e-10
4.464455e-01,4.497214e-10
4.468922e-01,4.492278e-10
4.473393e-01,4.490225e-10
4.477869e-01,4.487012e-10
4.482349e-01,4.483598e-10
4.486834e-01,4.480015e-10
4.491323e-01,4.476340e-10
4.495816e-01,4.472458e-10
4.500314e-01,4.468489e-10
4.504817e-01,4.464852e-10
4.509324e-01,4.461416e-10
4.513836e-01,4.457965e-10
4.518352e-01,4.454240e-10
4.522872e-01,4.450432e-10
4.527397e-01,4.446674e-10
4.531927e-01,4.442698e-10
4.536461e-01,4.439037e-10
4.541000e-01,4.435339e-10
4.545543e-01,4.431668e-10
4.550091e-01,4.427919e-10
4.554643e-01,4.424030e-10
4.559200e-01,4.420015e-10
4.563762e-01,4.416250e-10
4.568328e-01,4.412167e-10
4.572899e-01,4.408747e-10
4.577474e-01,4.404905e-10
4.582053e-01,4.400914e-10
4.586638e-01,4.396864e-10
4.591227e-01,4.392986e-10
4.595820e-01,4.388945e-10
4.600418e-01,4.384912e-10
4.605021e-01,4.381318e-10
4.609628e-01,4.377777e-10
4.614240e-01,4.374194e-10
4.618857e-01,4.370585e-10
4.623478e-01,4.366982e-10
4.628104e-01,4.363394e-10
4.632734e-01,4.359796e-10
4.637369e-01,4.356179e-10
4.642009e-01,4.352570e-10
4.646653e-01,4.349003e-10
4.651302e-01,4.345440e-10
4.655956e-01,4.341775e-10
4.660614e-01,4.337762e-10
4.665277e-01,4.334060e-10
4.669945e-01,4.330008e-10
4.674617e-01,4.325982e-10
4.679294e-01,4.322121e-10
4.683976e-01,4.317962e-10
4.688662e-01,4.311924e-10
4.693353e-01,4.306827e-10
4.698049e-01,4.300000e-10
4.702749e-01,4.299200e-10
4.707454e-01,4.294207e-10
4.712164e-01,4.286636e-10
4.716879e-01,4.281932e-10
4.721598e-01,4.277181e-10
4.726322e-01,4.271616e-10
4.731050e-01,4.264955e-10
4.735784e-01,4.259216e-10
4.740522e-01,4.253072e-10
4.745265e-01,4.245569e-10
4.750013e-01,4.237897e-10
4.754765e-01,4.228723e-10
4.759522e-01,4.219042e-10
4.764284e-01,4.210643e-10
4.769051e-01,4.203753e-10
4.773822e-01,4.199212e-10
4.778598e-01,4.196420e-10
4.783379e-01,4.194969e-10
4.788165e-01,4.193805e-10
4.792956e-01,4.192788e-10
4.797751e-01,4.191659e-10
4.802551e-01,4.190779e-10
4.807356e-01,4.190015e-10
4.812166e-01,4.188748e-10
4.816980e-01,4.186880e-10
4.821800e-01,4.184386e-10
4.826624e-01,4.181662e-10
4.831453e-01,4.178557e-10
4.836287e-01,4.175118e-10
4.841126e-01,4.171052e-10
4.845969e-01,4.166391e-10
4.850818e-01,4.161347e-10
4.855671e-01,4.155626e-10
4.860529e-01,4.151978e-10
4.865392e-01,4.149262e-10
4.870260e-01,4.144469e-10
4.875132e-01,4.140597e-10
4.880010e-01,4.135772e-10
4.884892e-01,4.132373e-10
4.889780e-01,4.129537e-10
4.894672e-01,4.126058e-10
4.899569e-01,4.122681e-10
4.904471e-01,4.118587e-10
4.909378e-01,4.114216e-10
4.914290e-01,4.109604e-10
4.919207e-01,4.105489e-10
4.924128e-01,4.100949e-10
4.929055e-01,4.096308e-10
4.933986e-01,4.091851e-10
4.938923e-01,4.087493e-10
4.943864e-01,4.082957e-10
4.948811e-01,4.078361e-10
4.953762e-01,4.073695e-10
4.958718e-01,4.069003e-10
4.963679e-01,4.064282e-10
4.968645e-01,4.059548e-10
4.973617e-01,4.055011e-10
4.978593e-01,4.050410e-10
4.983574e-01,4.045231e-10
4.988560e-01,4.041318e-10
4.993551e-01,4.036279e-10
4.998547e-01,4.030870e-10
5.003548e-01,4.023383e-10
5.008554e-01,4.017667e-10
5.013565e-01,4.014859e-10
5.018581e-01,3.997345e-10
5.023602e-01,4.009088e-10
5.028628e-01,4.000914e-10
5.033660e-01,3.982130e-10
5.038696e-01,3.977910e-10
5.043737e-01,3.978859e-10
5.048783e-01,3.983864e-10
5.053834e-01,3.982416e-10
5.058891e-01,3.972634e-10
5.063952e-01,3.970971e-10
5.069019e-01,3.960613e-10
5.074090e-01,3.962150e-10
5.079167e-01,3.952356e-10
5.084249e-01,3.950029e-10
5.089335e-01,3.936963e-10
5.094427e-01,3.946198e-10
5.099524e-01,3.947835e-10
5.104626e-01,3.947018e-10
5.109734e-01,3.944155e-10
5.114846e-01,3.942220e-10
5.119963e-01,3.939917e-10
5.125086e-01,3.937262e-10
5.130213e-01,3.935164e-10
5.135346e-01,3.931785e-10
5.140484e-01,3.929855e-10
5.145627e-01,3.927268e-10
5.150775e-01,3.924547e-10
5.155929e-01,3.922045e-10
5.161087e-01,3.919010e-10
5.166251e-01,3.916333e-10
5.171420e-01,3.913577e-10
5.176594e-01,3.909923e-10
5.181773e-01,3.906141e-10
5.186957e-01,3.902375e-10
5.192147e-01,3.898523e-10
5.197342e-01,3.894844e-10
5.202542e-01,3.889977e-10
5.207747e-01,3.883979e-10
5.212957e-01,3.877900e-10
5.218173e-01,3.871860e-10
5.223393e-01,3.865770e-10
5.228619e-01,3.859512e-10
5.233851e-01,3.852612e-10
5.239087e-01,3.842796e-10
5.244329e-01,3.834026e-10
5.249576e-01,3.828710e-10
5.254828e-01,3.824191e-10
5.260085e-01,3.819962e-10
5.265348e-01,3.812186e-10
5.270616e-01,3.804664e-10
5.275889e-01,3.798288e-10
5.281168e-01,3.791341e-10
5.286452e-01,3.784741e-10
5.291741e-01,3.777814e-10
5.297035e-01,3.771485e-10
5.302335e-01,3.765515e-10
5.307640e-01,3.761166e-10
5.312950e-01,3.756002e-10
5.318266e-01,3.752617e-10
5.323587e-01,3.748508e-10
5.328913e-01,3.743511e-10
5.334244e-01,3.740168e-10
5.339581e-01,3.736794e-10
5.344924e-01,3.733220e-10
5.350271e-01,3.729298e-10
5.355624e-01,3.725778e-10
5.360983e-01,3.721993e-10
5.366346e-01,3.717927e-10
5.371715e-01,3.714125e-10
5.377090e-01,3.709620e-10
5.382469e-01,3.704963e-10
5.387855e-01,3.698204e-10
5.393245e-01,3.693333e-10
5.398641e-01,3.686071e-10
5.404042e-01,3.680929e-10
5.409449e-01,3.654499e-10
5.414861e-01,3.665526e-10
5.420279e-01,3.658199e-10
5.425702e-01,3.658578e-10
5.431130e-01,3.657391e-10
5.436564e-01,3.644113e-10
5.442003e-01,3.637111e-10
5.447448e-01,3.629932e-10
5.452898e-01,3.629398e-10
5.458354e-01,3.631265e-10
5.463815e-01,3.627624e-10
5.469282e-01,3.631205e-10
5.474754e-01,3.627754e-10
5.480231e-01,3.620375e-10
5.485714e-01,3.616142e-10
5.491202e-01,3.611498e-10
5.496696e-01,3.611330e-10
5.502196e-01,3.607660e-10
5.507701e-01,3.604533e-10
5.513211e-01,3.599264e-10
5.518727e-01,3.594041e-10
5.524249e-01,3.588052e-10
5.529776e-01,3.583028e-10
5.535308e-01,3.577722e-10
5.540846e-01,3.572084e-10
5.546390e-01,3.566466e-10
5.551939e-01,3.560885e-10
5.557494e-01,3.554985e-10
5.563054e-01,3.549470e-10
5.568620e-01,3.543557e-10
5.574191e-01,3.537559e-10
5.579768e-01,3.531558e-10
5.585351e-01,3.525386e-10
5.590939e-01,3.519339e-10
5.596533e-01,3.513231e-10
5.602132e-01,3.506789e-10
5.607737e-01,3.501121e-10
5.613348e-01,3.495181e-10
5.618964e-01,3.489004e-10
5.624586e-01,3.482409e-10
5.630213e-01,3.476080e-10
5.635846e-01,3.469998e-10
5.641485e-01,3.462989e-10
5.647129e-01,3.456187e-10
5.652779e-01,3.449111e-10
5.658435e-01,3.441968e-10
5.664096e-01,3.434971e-10
5.669763e-01,3.426823e-10
5.675435e-01,3.412936e-10
5.681114e-01,3.404902e-10
5.686798e-01,3.390253e-10
5.692487e-01,3.377004e-10
5.698183e-01,3.373233e-10
5.703884e-01,3.373971e-10
5.709590e-01,3.366351e-10
5.715303e-01,3.352637e-10
5.721021e-01,3.339261e-10
5.726745e-01,3.358107e-10
5.732474e-01,3.353498e-10
5.738210e-01,3.348166e-10
5.743951e-01,3.343944e-10
5.749698e-01,3.345730e-10
5.755450e-01,3.338284e-10
5.761209e-01,3.330050e-10
5.766973e-01,3.344323e-10
5.772742e-01,3.339638e-10
5.778518e-01,3.337006e-10
5.784300e-01,3.336283e-10
5.790087e-01,3.346997e-10
5.795880e-01,3.352353e-10
5.801678e-01,3.357607e-10
5.807483e-01,3.357695e-10
5.813293e-01,3.369980e-10
5.819110e-01,3.373114e-10
5.824932e-01,3.376342e-10
5.830760e-01,3.379937e-10
5.836593e-01,3.383055e-10
5.842433e-01,3.383168e-10
5.848278e-01,3.382322e-10
5.854129e-01,3.378136e-10
5.859986e-01,3.378800e-10
5.865849e-01,3.379563e-10
5.871718e-01,3.369529e-10
5.877593e-01,3.371391e-10
5.883473e-01,3.252552e-10
5.889360e-01,3.034563e-10
5.895252e-01,3.216594e-10
5.901150e-01,3.301386e-10
5.907054e-01,3.259946e-10
5.912964e-01,3.257565e-10
5.918880e-01,3.166007e-10
5.924802e-01,3.084310e-10
5.930730e-01,3.291126e-10
5.936663e-01,3.323520e-10
5.942603e-01,3.284316e-10
5.948549e-01,3.172240e-10
5.954500e-01,3.320436e-10
5.960458e-01,3.263444e-10
5.966421e-01,3.258747e-10
5.972391e-01,3.220309e-10
5.978366e-01,3.238734e-10
5.984347e-01,3.317175e-10
5.990335e-01,3.310453e-10
5.996328e-01,3.315749e-10
6.002327e-01,3.311776e-10
6.008333e-01,3.333025e-10
6.014344e-01,3.327822e-10
6.020361e-01,3.334490e-10
6.026385e-01,3.337331e-10
6.032414e-01,3.340582e-10
6.038449e-01,3.342934e-10
6.044491e-01,3.342988e-10
6.050538e-01,3.344078e-10
6.056592e-01,3.343499e-10
6.062652e-01,3.344115e-10
6.068717e-01,3.344821e-10
6.074789e-01,3.344675e-10
6.080867e-01,3.344757e-10
6.086951e-01,3.344887e-10
6.093041e-01,3.344877e-10
6.099137e-01,3.345052e-10
6.105239e-01,3.346721e-10
6.111347e-01,3.348945e-10
6.117462e-01,3.351134e-10
6.123582e-01,3.353202e-10
6.129709e-01,3.355345e-10
6.135842e-01,3.357373e-10
6.141981e-01,3.359328e-10
6.148126e-01,3.360954e-10
6.154277e-01,3.362644e-10
6.160434e-01,3.364698e-10
6.166598e-01,3.366336e-10
6.172767e-01,3.367818e-10
6.178943e-01,3.369269e-10
6.185125e-01,3.370759e-10
6.191314e-01,3.372339e-10
6.197508e-01,3.373730e-10
6.203709e-01,3.374945e-10
6.209915e-01,3.375716e-10
6.216128e-01,3.376270e-10
6.222348e-01,3.376627e-10
6.228573e-01,3.376826e-10
6.234805e-01,3.376657e-10
6.241043e-01,3.376786e-10
6.247287e-01,3.375589e-10
6.253537e-01,3.373779e-10
6.259794e-01,3.372048e-10
6.266057e-01,3.370671e-10
6.272326e-01,3.364620e-10
6.278602e-01,3.202133e-10
6.284883e-01,3.327095e-10
6.291171e-01,3.370103e-10
6.297466e-01,3.370717e-10
6.303766e-01,3.338669e-10
6.310073e-01,3.313523e-10
6.316386e-01,3.382783e-10
6.322706e-01,3.383203e-10
6.329032e-01,3.393399e-10
6.335364e-01,3.399244e-10
6.341703e-01,3.406397e-10
6.348047e-01,3.406293e-10
6.354399e-01,3.404182e-10
6.360756e-01,3.421146e-10
6.367120e-01,3.426394e-10
6.373490e-01,3.429634e-10
6.379867e-01,3.438802e-10
6.386250e-01,3.436982e-10
6.392640e-01,3.436000e-10
6.399036e-01,3.449473e-10
6.405438e-01,3.454046e-10
6.411846e-01,3.458201e-10
6.418261e-01,3.461445e-10
6.424683e-01,3.464824e-10
6.431111e-01,3.467979e-10
6.437545e-01,3.468219e-10
6.443986e-01,3.461488e-10
6.450433e-01,3.469572e-10
6.456887e-01,3.466459e-10
6.463347e-01,3.445084e-10
6.469813e-01,3.435625e-10
6.476287e-01,3.298791e-10
6.482766e-01,3.346616e-10
6.489252e-01,3.442938e-10
6.495745e-01,3.455284e-10
6.502244e-01,3.473514e-10
6.508749e-01,3.478864e-10
6.515261e-01,3.393103e-10
6.521780e-01,3.411583e-10
6.528305e-01,3.482058e-10
6.534836e-01,3.445174e-10
6.541374e-01,3.467658e-10
6.547919e-01,3.464149e-10
6.554470e-01,3.441608e-10
6.561028e-01,3.445851e-10
6.567592e-01,3.464290e-10
6.574163e-01,3.487071e-10
6.580741e-01,3.500665e-10
6.587325e-01,3.487029e-10
6.593915e-01,3.512681e-10
6.600512e-01,3.495008e-10
6.607116e-01,3.518367e-10
6.613727e-01,3.524128e-10
6.620344e-01,3.525206e-10
6.626967e-01,3.520837e-10
6.633598e-01,3.527792e-10
6.640235e-01,3.525440e-10
6.646878e-01,3.528905e-10
6.653528e-01,3.531047e-10
6.660185e-01,3.536370e-10
6.666849e-01,3.539084e-10
6.673519e-01,3.539059e-10
6.680196e-01,3.542666e-10
6.686879e-01,3.544507e-10
6.693569e-01,3.545994e-10
6.700266e-01,3.547224e-10
6.706970e-01,3.548493e-10
6.713680e-01,3.549462e-10
6.720397e-01,3.550141e-10
6.727121e-01,3.551335e-10
6.733852e-01,3.552241e-10
6.740589e-01,3.553185e-10
6.747333e-01,3.554042e-10
6.754083e-01,3.554897e-10
6.760841e-01,3.555640e-10
6.767605e-01,3.556424e-10
6.774376e-01,3.557325e-10
6.781154e-01,3.558027e-10
6.787938e-01,3.558653e-10
6.794730e-01,3.558983e-10
6.801528e-01,3.557405e-10
6.808333e-01,3.561202e-10
6.815145e-01,3.562166e-10
6.821963e-01,3.560801e-10
6.828789e-01,3.561713e-10
6.835621e-01,3.564121e-10
6.842460e-01,3.556576e-10
6.849306e-01,3.563196e-10
6.856158e-01,3.564345e-10
6.863018e-01,3.506894e-10
6.869884e-01,2.304157e-10
6.876758e-01,2.597282e-10
6.883638e-01,3.302633e-10
6.890525e-01,3.044039e-10
6.897419e-01,3.137243e-10
6.904320e-01,3.279564e-10
6.911228e-01,3.132631e-10
6.918142e-01,3.275737e-10
6.925064e-01,3.299051e-10
6.931992e-01,3.459104e-10
6.938928e-01,3.152842e-10
6.945870e-01,3.370108e-10
6.952820e-01,3.236363e-10
6.959776e-01,3.298143e-10
6.966739e-01,3.527743e-10
6.973709e-01,3.550394e-10
6.980687e-01,3.524821e-10
6.987671e-01,3.513969e-10
6.994662e-01,3.355902e-10
7.001660e-01,3.410044e-10
7.008665e-01,3.317837e-10
7.015677e-01,3.497666e-10
7.022697e-01,3.263069e-10
7.029723e-01,3.180165e-10
7.036756e-01,3.510244e-10
7.043796e-01,3.385278e-10
7.050844e-01,3.505592e-10
7.057898e-01,3.499625e-10
7.064960e-01,3.513450e-10
7.072028e-01,3.537602e-10
7.079104e-01,3.501774e-10
7.086186e-01,3.553782e-10
7.093276e-01,3.549932e-10
7.100373e-01,3.549645e-10
7.107477e-01,3.542449e-10
7.114588e-01,3.511329e-10
7.121706e-01,3.574402e-10
7.128831e-01,3.549308e-10
7.135964e-01,3.567182e-10
7.143103e-01,3.554667e-10
7.150250e-01,3.448269e-10
7.157404e-01,3.415799e-10
7.164565e-01,3.350418e-10
7.171733e-01,2.724722e-10
7.178908e-01,3.018705e-10
7.186091e-01,2.909442e-10
7.193280e-01,3.077568e-10
7.200477e-01,2.675046e-10
7.207681e-01,3.015758e-10
7.214892e-01,3.399966e-10
7.222111e-01,3.472551e-10
7.229337e-01,3.383058e-10
7.236570e-01,2.918504e-10
7.243810e-01,3.228784e-10
7.251057e-01,3.182511e-10
7.258312e-01,2.944447e-10
7.265574e-01,2.948362e-10
7.272843e-01,3.215207e-10
7.280120e-01,2.895476e-10
7.287403e-01,3.285346e-10
7.294694e-01,2.991412e-10
7.301993e-01,2.783847e-10
7.309298e-01,2.879543e-10
7.316611e-01,3.216175e-10
7.323932e-01,3.272911e-10
7.331259e-01,3.340250e-10
7.338594e-01,3.309474e-10
7.345936e-01,3.428828e-10
7.353286e-01,3.486118e-10
7.360643e-01,3.530086e-10
7.368007e-01,3.539093e-10
7.375379e-01,3.559559e-10
7.382758e-01,3.563267e-10
7.390145e-01,3.547305e-10
7.397538e-01,3.495652e-10
7.404940e-01,3.572612e-10
7.412348e-01,3.497115e-10
7.419764e-01,3.587017e-10
7.427188e-01,3.602533e-10
7.434619e-01,3.605856e-10
7.442057e-01,3.588288e-10
7.449503e-01,3.610924e-10
7.456956e-01,3.610478e-10
7.464417e-01,3.611363e-10
7.471885e-01,3.611946e-10
7.479360e-01,3.607206e-10
7.486844e-01,3.611552e-10
7.494334e-01,3.610400e-10
7.501832e-01,3.610039e-10
7.509338e-01,3.610742e-10
7.516851e-01,3.609576e-10
7.524372e-01,3.610241e-10
7.531900e-01,3.610124e-10
7.539435e-01,3.608890e-10
7.546979e-01,3.608190e-10
7.554529e-01,3.607023e-10
7.562088e-01,3.604532e-10
7.569653e-01,3.602212e-10
7.577227e-01,3.595939e-10
7.584808e-01,3.581149e-10
7.592397e-01,3.243738e-10
7.599993e-01,1.520399e-10
7.607597e-01,1.031128e-10
7.615208e-01,1.915360e-10
7.622827e-01,2.224617e-10
7.630454e-01,1.818048e-10
7.638088e-01,1.951978e-10
7.645730e-01,2.093040e-10
7.653379e-01,2.410321e-10
7.661037e-01,3.055571e-10
7.668701e-01,3.056483e-10
7.676374e-01,3.325570e-10
7.684054e-01,3.505117e-10
7.691742e-01,3.521376e-10
7.699438e-01,3.594018e-10
7.707141e-01,3.604848e-10
7.714852e-01,3.607643e-10
7.722571e-01,3.608388e-10
7.730297e-01,3.609914e-10
7.738031e-01,3.612180e-10
7.745773e-01,3.612643e-10
7.753523e-01,3.612694e-10
7.761280e-01,3.612068e-10
7.769045e-01,3.612502e-10
7.776818e-01,3.611862e-10
7.784599e-01,3.611776e-10
7.792387e-01,3.611477e-10
7.800184e-01,3.611424e-10
7.807988e-01,3.611284e-10
7.815800e-01,3.609607e-10
7.823619e-01,3.608445e-10
7.831447e-01,3.609280e-10
7.839282e-01,3.597057e-10
7.847126e-01,3.571533e-10
7.854977e-01,3.594694e-10
7.862836e-01,3.520857e-10
7.870702e-01,3.515262e-10
7.878577e-01,3.580781e-10
7.886459e-01,3.559822e-10
7.894350e-01,3.371762e-10
7.902248e-01,3.397315e-10
7.910154e-01,3.560130e-10
7.918068e-01,3.575743e-10
7.925990e-01,3.551244e-10
7.933920e-01,3.508083e-10
7.941858e-01,3.598551e-10
7.949804e-01,3.588128e-10
7.957758e-01,3.546465e-10
7.965720e-01,3.504211e-10
7.973689e-01,3.562174e-10
7.981667e-01,3.554498e-10
7.989653e-01,3.542006e-10
7.997646e-01,3.505023e-10
8.005648e-01,3.434717e-10
8.013658e-01,3.463078e-10
8.021675e-01,3.550862e-10
8.029701e-01,3.553480e-10
8.037735e-01,3.496804e-10
8.045777e-01,3.539520e-10
8.053826e-01,3.598269e-10
8.061884e-01,3.593866e-10
8.069950e-01,3.595301e-10
8.078024e-01,3.576910e-10
8.086106e-01,3.496086e-10
8.094196e-01,3.467225e-10
8.102295e-01,3.518364e-10
8.110401e-01,3.503342e-10
8.118515e-01,3.258694e-10
8.126638e-01,3.193337e-10
8.134769e-01,2.902752e-10
8.142907e-01,3.022338e-10
8.151054e-01,2.684520e-10
8.159210e-01,2.832971e-10
8.167373e-01,2.866118e-10
8.175544e-01,3.032818e-10
8.183724e-01,2.611631e-10
8.191912e-01,2.943630e-10
8.200108e-01,3.064076e-10
8.208312e-01,3.512244e-10
8.216524e-01,3.462901e-10
8.224745e-01,3.129772e-10
8.232974e-01,2.612482e-10
8.241211e-01,3.270332e-10
8.249456e-01,3.355484e-10
8.257710e-01,3.400667e-10
8.265972e-01,3.423379e-10
8.274242e-01,3.297692e-10
8.282520e-01,3.061316e-10
8.290807e-01,3.157676e-10
8.299102e-01,3.352687e-10
8.307405e-01,3.382854e-10
8.315717e-01,3.423312e-10
8.324037e-01,3.365331e-10
8.332365e-01,3.341897e-10
8.340701e-01,3.356851e-10
8.349046e-01,3.310723e-10
8.357399e-01,3.417892e-10
8.365761e-01,3.457549e-10
8.374131e-01,3.402435e-10
8.382509e-01,3.344944e-10
8.390896e-01,3.374397e-10
8.399291e-01,3.548874e-10
8.407695e-01,3.524753e-10
8.416106e-01,3.537831e-10
8.424527e-01,3.582517e-10
8.432955e-01,3.525514e-10
8.441393e-01,3.568404e-10
8.449838e-01,3.575923e-10
8.458292e-01,3.594191e-10
8.466755e-01,3.598404e-10
8.475226e-01,3.569478e-10
8.483705e-01,3.555689e-10
8.492193e-01,3.599768e-10
8.500690e-01,3.604622e-10
8.509195e-01,3.572391e-10
8.517708e-01,3.548791e-10
8.526230e-01,3.595775e-10
8.534761e-01,3.559919e-10
8.543300e-01,3.592284e-10
8.551847e-01,3.600340e-10
8.560403e-01,3.596677e-10
8.568968e-01,3.592312e-10
8.577541e-01,3.584996e-10
8.586123e-01,3.602946e-10
8.594713e-01,3.601161e-10
8.603312e-01,3.603337e-10
8.611920e-01,3.602729e-10
8.620536e-01,3.600982e-10
8.629161e-01,3.600997e-10
8.637795e-01,3.602016e-10
8.646437e-01,3.601242e-10
8.655088e-01,3.600780e-10
8.663747e-01,3.600547e-10
8.672415e-01,3.601283e-10
8.681092e-01,3.602067e-10
8.689777e-01,3.600993e-10
8.698471e-01,3.602451e-10
8.707174e-01,3.603600e-10
8.715886e-01,3.604020e-10
8.724606e-01,3.604863e-10
8.733335e-01,3.606171e-10
8.742073e-01,3.606529e-10
8.750819e-01,3.607459e-10
8.759574e-01,3.606365e-10
8.768338e-01,3.608227e-10
8.777111e-01,3.607358e-10
8.785892e-01,3.603459e-10
8.794683e-01,3.609049e-10
8.803482e-01,3.605623e-10
8.812290e-01,3.608267e-10
8.821106e-01,3.604917e-10
8.829932e-01,3.607555e-10
8.838766e-01,3.595501e-10
8.847609e-01,3.608698e-10
8.856461e-01,3.584553e-10
8.865322e-01,3.581274e-10
8.874192e-01,3.578364e-10
8.883071e-01,3.572506e-10
8.891958e-01,3.602669e-10
8.900855e-01,3.584078e-10
8.909760e-01,3.588292e-10
8.918674e-01,3.572347e-10
8.927597e-01,3.492288e-10
8.936529e-01,3.357100e-10
8.945470e-01,3.404759e-10
8.954420e-01,3.003463e-10
8.963379e-01,3.142478e-10
8.972347e-01,2.909026e-10
8.981324e-01,2.844508e-10
8.990310e-01,2.408899e-10
8.999305e-01,2.970106e-10
9.008308e-01,2.815241e-10
9.017321e-01,3.097101e-10
9.026343e-01,2.977502e-10
9.035374e-01,3.341519e-10
9.044414e-01,3.445239e-10
9.053463e-01,3.222156e-10
9.062521e-01,3.087815e-10
9.071588e-01,2.926518e-10
9.080664e-01,2.909716e-10
9.089749e-01,3.044709e-10
9.098843e-01,2.911831e-10
9.107947e-01,2.852838e-10
9.117059e-01,3.033005e-10
9.126181e-01,2.850452e-10
9.135312e-01,2.205674e-10
9.144452e-01,2.763557e-10
9.153601e-01,2.035396e-10
9.162759e-01,2.577807e-10
9.171926e-01,2.745209e-10
9.181103e-01,2.097306e-10
9.190288e-01,2.960629e-10
9.199483e-01,3.173209e-10
9.208687e-01,3.193380e-10
9.217901e-01,3.172990e-10
9.227123e-01,3.350641e-10
9.236355e-01,3.092680e-10
9.245596e-01,3.105314e-10
9.254846e-01,3.220382e-10
9.264105e-01,2.928463e-10
9.273374e-01,2.854199e-10
9.282652e-01,2.344780e-10
9.291940e-01,2.027082e-10
9.301236e-01,2.046516e-10
9.310542e-01,1.918938e-10
9.319857e-01,1.132846e-10
9.329182e-01,1.039044e-10
9.338516e-01,8.102898e-11
9.347859e-01,9.196986e-11
9.357211e-01,1.143279e-10
9.366573e-01,1.221943e-10
9.375944e-01,1.347578e-10
9.385325e-01,1.562712e-10
9.394715e-01,2.377542e-10
9.404115e-01,2.382188e-10
9.413523e-01,1.746561e-10
9.422942e-01,2.034233e-10
9.432369e-01,1.557276e-10
9.441806e-01,1.509717e-10
9.451253e-01,1.753264e-10
9.460709e-01,1.442853e-10
9.470174e-01,1.698790e-10
9.479649e-01,1.518881e-10
9.489134e-01,1.786479e-10
9.498627e-01,1.445675e-10
9.508131e-01,2.110311e-10
9.517644e-01,1.802115e-10
9.527166e-01,1.216822e-10
9.536698e-01,1.768676e-10
9.546240e-01,1.457309e-10
9.555791e-01,1.588451e-10
9.565351e-01,1.502652e-10
9.574921e-01,2.047756e-10
9.584501e-01,2.161856e-10
9.594090e-01,1.608900e-10
9.603689e-01,1.803443e-10
9.613298e-01,2.134882e-10
9.622916e-01,1.972066e-10
9.632543e-01,2.572169e-10
9.642181e-01,2.288764e-10
9.651828e-01,2.518255e-10
9.661485e-01,2.168458e-10
9.671151e-01,2.444816e-10
9.680827e-01,3.084824e-10
9.690512e-01,3.098208e-10
9.700208e-01,2.979829e-10
9.709913e-01,3.039896e-10
9.719628e-01,3.177867e-10
9.729352e-01,2.904608e-10
9.739086e-01,2.498451e-10
9.748830e-01,3.061282e-10
9.758584e-01,2.974577e-10
9.768348e-01,2.839377e-10
9.778121e-01,3.030608e-10
9.787904e-01,3.155893e-10
9.797697e-01,3.075575e-10
9.807499e-01,3.146453e-10
9.817312e-01,3.177200e-10
9.827134e-01,3.173980e-10
9.836966e-01,3.332566e-10
9.846808e-01,3.208257e-10
9.856659e-01,3.323152e-10
9.866521e-01,3.454416e-10
9.876393e-01,3.368006e-10
9.886274e-01,3.477253e-10
9.896165e-01,3.329066e-10
9.906066e-01,3.478897e-10
9.915977e-01,3.528841e-10
9.925898e-01,3.487510e-10
9.935829e-01,3.509741e-10
9.945770e-01,3.550726e-10
9.955721e-01,3.538869e-10
9.965681e-01,3.545998e-10
9.975652e-01,3.552742e-10
9.985633e-01,3.545054e-10
9.995623e-01,3.533427e-10
1.000562e+00,3.551474e-10
1.001563e+00,3.535181e-10
1.002566e+00,3.537513e-10
1.003569e+00,3.557696e-10
1.004573e+00,3.555098e-10
1.005578e+00,3.557213e-10
1.006584e+00,3.559333e-10
1.007591e+00,3.552583e-10
1.008599e+00,3.534176e-10
1.009608e+00,3.528250e-10
1.010618e+00,3.552831e-10
1.011629e+00,3.539129e-10
1.012641e+00,3.546779e-10
1.013655e+00,3.561082e-10
1.014669e+00,3.558557e-10
1.015684e+00,3.558392e-10
1.016700e+00,3.555689e-10
1.017717e+00,3.523868e-10
1.018736e+00,3.543038e-10
1.019755e+00,3.554770e-10
1.020775e+00,3.550391e-10
1.021796e+00,3.560514e-10
1.022819e+00,3.556314e-10
1.023842e+00,3.537321e-10
1.024866e+00,3.567289e-10
1.025892e+00,3.565624e-10
1.026918e+00,3.562512e-10
1.027946e+00,3.562707e-10
1.028974e+00,3.564291e-10
1.030004e+00,3.568321e-10
1.031034e+00,3.568654e-10
1.032066e+00,3.567829e-10
1.033098e+00,3.568507e-10
1.034132e+00,3.566046e-10
1.035166e+00,3.568742e-10
1.036202e+00,3.566600e-10
1.037239e+00,3.547775e-10
1.038277e+00,3.563178e-10
1.039315e+00,3.562844e-10
1.040355e+00,3.560813e-10
1.041396e+00,3.553948e-10
1.042438e+00,3.556701e-10
1.043481e+00,3.555863e-10
1.044525e+00,3.553460e-10
1.045570e+00,3.551190e-10
1.046616e+00,3.548867e-10
1.047663e+00,3.545685e-10
1.048711e+00,3.542092e-10
1.049761e+00,3.538347e-10
1.050811e+00,3.536714e-10
1.051862e+00,3.532950e-10
1.052915e+00,3.529507e-10
1.053968e+00,3.525023e-10
1.055023e+00,3.519894e-10
1.056078e+00,3.512323e-10
1.057135e+00,3.511238e-10
1.058192e+00,3.506336e-10
1.059251e+00,3.503622e-10
1.060311e+00,3.498725e-10
1.061372e+00,3.497350e-10
1.062434e+00,3.492313e-10
1.063497e+00,3.482824e-10
1.064561e+00,3.457469e-10
1.065626e+00,3.457284e-10
1.066692e+00,3.486253e-10
1.067759e+00,3.480440e-10
1.068827e+00,3.476343e-10
1.069897e+00,3.487051e-10
1.070967e+00,3.483065e-10
1.072039e+00,3.372672e-10
1.073111e+00,3.489776e-10
1.074185e+00,3.494501e-10
1.075260e+00,3.473682e-10
1.076336e+00,3.490716e-10
1.077412e+00,3.364175e-10
1.078490e+00,3.489840e-10
1.079569e+00,3.456330e-10
1.080649e+00,3.422361e-10
1.081731e+00,3.475188e-10
1.082813e+00,3.498408e-10
1.083896e+00,3.457096e-10
1.084981e+00,3.415797e-10
1.086066e+00,3.296504e-10
1.087153e+00,3.399788e-10
1.088241e+00,3.393236e-10
1.089329e+00,3.406687e-10
1.090419e+00,3.134680e-10
1.091510e+00,3.457278e-10
1.092602e+00,3.226470e-10
1.093695e+00,3.380506e-10
1.094790e+00,3.141619e-10
1.095885e+00,2.882688e-10
1.096981e+00,3.379009e-10
1.098079e+00,2.929325e-10
1.099178e+00,2.729039e-10
1.100277e+00,2.853761e-10
1.101378e+00,2.830083e-10
1.102480e+00,2.692284e-10
1.103583e+00,3.035000e-10
1.104687e+00,2.763906e-10
1.105792e+00,2.474753e-10
1.106899e+00,2.913420e-10
1.108006e+00,2.361484e-10
1.109115e+00,2.225379e-10
1.110224e+00,2.500858e-10
1.111335e+00,1.970227e-10
1.112447e+00,2.053299e-10
1.113560e+00,1.523711e-10
1.114674e+00,2.034428e-10
1.115790e+00,8.155013e-11
1.116906e+00,6.846368e-11
1.118023e+00,1.105100e-10
1.119142e+00,8.774158e-11
1.120262e+00,9.934892e-11
1.121382e+00,9.380177e-11
1.122504e+00,5.242175e-11
1.123627e+00,1.078920e-10
1.124752e+00,1.509912e-10
1.125877e+00,7.282561e-11
1.127003e+00,1.308658e-10
1.128131e+00,1.095706e-10
1.129260e+00,1.234745e-10
1.130389e+00,1.252215e-10
1.131520e+00,1.777983e-10
1.132653e+00,1.089059e-10
1.133786e+00,3.559398e-11
1.134920e+00,3.126057e-11
1.136056e+00,1.341618e-10
1.137192e+00,1.965267e-10
1.138330e+00,1.907788e-10
1.139469e+00,2.420092e-10
1.140609e+00,1.859108e-10
1.141750e+00,1.801955e-10
1.142892e+00,2.182062e-10
1.144036e+00,1.160055e-10
1.145180e+00,1.099183e-10
1.146326e+00,9.407384e-11
1.147473e+00,8.610702e-11
1.148621e+00,1.665171e-10
1.149770e+00,8.894350e-11
1.150921e+00,1.231722e-10
1.152072e+00,1.409660e-10
1.153225e+00,1.709630e-10
1.154379e+00,1.112232e-10
1.155534e+00,1.501119e-10
1.156690e+00,1.911999e-10
1.157847e+00,1.747141e-10
1.159005e+00,2.075933e-10
1.160165e+00,2.131023e-10
1.161326e+00,2.360437e-10
1.162488e+00,2.277631e-10
1.163651e+00,2.669999e-10
1.164815e+00,2.105818e-10
1.165980e+00,2.324589e-10
1.167147e+00,2.829121e-10
1.168315e+00,2.277414e-10
1.169484e+00,2.889502e-10
1.170654e+00,2.594691e-10
1.171825e+00,3.045371e-10
1.172997e+00,2.708219e-10
1.174171e+00,2.529151e-10
1.175346e+00,3.222832e-10
1.176522e+00,3.294475e-10
1.177699e+00,2.368823e-10
1.178877e+00,3.054839e-10
1.180056e+00,2.929759e-10
1.181237e+00,2.708747e-10
1.182419e+00,2.720832e-10
1.183602e+00,3.177706e-10
1.184786e+00,3.168501e-10
1.185971e+00,3.245925e-10
1.187158e+00,3.072616e-10
1.188346e+00,2.720302e-10
1.189535e+00,3.290404e-10
1.190725e+00,3.278315e-10
1.191916e+00,3.285951e-10
1.193109e+00,3.219125e-10
1.194302e+00,3.262216e-10
1.195497e+00,2.972996e-10
1.196693e+00,3.315663e-10
1.197891e+00,3.153271e-10
1.199089e+00,3.037219e-10
1.200289e+00,3.146665e-10
1.201490e+00,2.922265e-10
1.202692e+00,3.204258e-10
1.203895e+00,2.683492e-10
1.205100e+00,3.208430e-10
1.206305e+00,3.302046e-10
1.207512e+00,3.089426e-10
1.208720e+00,3.228666e-10
1.209930e+00,3.242530e-10
1.211140e+00,3.035131e-10
1.212352e+00,3.004612e-10
1.213565e+00,3.097155e-10
1.214779e+00,2.930935e-10
1.215994e+00,3.203064e-10
1.217211e+00,3.292298e-10
1.218429e+00,3.233268e-10
1.219648e+00,3.198301e-10
1.220868e+00,3.329325e-10
1.222090e+00,3.181186e-10
1.223312e+00,3.242054e-10
1.224536e+00,3.258990e-10
1.225761e+00,3.360416e-10
1.226988e+00,3.311007e-10
1.228215e+00,3.395025e-10
1.229444e+00,3.375739e-10
1.230674e+00,3.407803e-10
1.231906e+00,3.430872e-10
1.233138e+00,3.376547e-10
1.234372e+00,3.423234e-10
1.235607e+00,3.444927e-10
1.236843e+00,3.434307e-10
1.238081e+00,3.442614e-10
1.239319e+00,3.445000e-10
1.240559e+00,3.436848e-10
1.241800e+00,3.438155e-10
1.243043e+00,3.439257e-10
1.244286e+00,3.435430e-10
1.245531e+00,3.434340e-10
1.246778e+00,3.427194e-10
1.248025e+00,3.420223e-10
1.249274e+00,3.409607e-10
1.250523e+00,3.400578e-10
1.251775e+00,3.397001e-10
1.253027e+00,3.386832e-10
1.254281e+00,3.361736e-10
1.255536e+00,3.215757e-10
1.256792e+00,3.322355e-10
1.258049e+00,3.320664e-10
1.259308e+00,3.291172e-10
1.260568e+00,3.273768e-10
1.261829e+00,3.133362e-10
1.263091e+00,3.141073e-10
1.264355e+00,2.619517e-10
1.265620e+00,2.937818e-10
1.266886e+00,3.152142e-10
1.268154e+00,3.037047e-10
1.269423e+00,2.998946e-10
1.270693e+00,3.211006e-10
1.271964e+00,3.262459e-10
1.273237e+00,3.270985e-10
1.274511e+00,3.274138e-10
1.275786e+00,3.270147e-10
1.277062e+00,3.339230e-10
1.278340e+00,3.348372e-10
1.279619e+00,3.340287e-10
1.280899e+00,3.373848e-10
1.282181e+00,3.318912e-10
1.283463e+00,3.382201e-10
1.284748e+00,3.352628e-10
1.286033e+00,3.403982e-10
1.287320e+00,3.403084e-10
1.288608e+00,3.385882e-10
1.289897e+00,3.402393e-10
1.291187e+00,3.406009e-10
1.292479e+00,3.200188e-10
1.293772e+00,3.295620e-10
1.295067e+00,3.120781e-10
1.296362e+00,3.211183e-10
1.297659e+00,3.327612e-10
1.298958e+00,3.346941e-10
1.300257e+00,3.083858e-10
1.301558e+00,3.002269e-10
1.302861e+00,3.227549e-10
1.304164e+00,2.699485e-10
1.305469e+00,3.195312e-10
1.306775e+00,2.762398e-10
1.308082e+00,3.158124e-10
1.309391e+00,3.077871e-10
1.310701e+00,3.067135e-10
1.312013e+00,3.009433e-10
1.313325e+00,2.621127e-10
1.314639e+00,2.291268e-10
1.315954e+00,2.951389e-10
1.317271e+00,2.915497e-10
1.318589e+00,2.495201e-10
1.319908e+00,2.446715e-10
1.321229e+00,2.893065e-10
1.322551e+00,2.564161e-10
1.323874e+00,2.525738e-10
1.325198e+00,2.594682e-10
1.326524e+00,2.238729e-10
1.327852e+00,1.972407e-10
1.329180e+00,2.065313e-10
1.330510e+00,1.281040e-10
1.331841e+00,1.234296e-10
1.333174e+00,1.960708e-10
1.334507e+00,2.063655e-10
1.335843e+00,2.030225e-10
1.337179e+00,1.843087e-10
1.338517e+00,1.875284e-10
1.339856e+00,1.698607e-10
1.341197e+00,1.676890e-10
1.342539e+00,1.668921e-10
1.343882e+00,9.506630e-11
1.345226e+00,6.971649e-11
1.346572e+00,5.259681e-11
1.347919e+00,2.057165e-11
1.349268e+00,2.556626e-11
1.350618e+00,8.961992e-12
1.351969e+00,4.801729e-12
1.353322e+00,1.477833e-12
1.354676e+00,2.675470e-13
1.356031e+00,5.867438e-13
1.357388e+00,5.556166e-13
1.358746e+00,3.131796e-13
1.360105e+00,2.207063e-13
1.361466e+00,1.748839e-13
1.362828e+00,9.577924e-13
1.364192e+00,5.710885e-13
1.365557e+00,1.168852e-12
1.366923e+00,8.163123e-13
1.368291e+00,5.037244e-13
1.369660e+00,5.028502e-12
1.371030e+00,3.105235e-12
1.372402e+00,2.110404e-13
1.373775e+00,5.961675e-13
1.375149e+00,6.936535e-12
1.376525e+00,3.837534e-12
1.377902e+00,1.452394e-11
1.379281e+00,3.278786e-12
1.380661e+00,2.270246e-12
1.382042e+00,3.262536e-12
1.383425e+00,3.432896e-13
1.384809e+00,5.933893e-13
1.386195e+00,4.493096e-13
1.387581e+00,8.274106e-13
1.388970e+00,4.517998e-12
1.390359e+00,5.313826e-12
1.391750e+00,6.497853e-12
1.393143e+00,5.305078e-12
1.394537e+00,1.648834e-12
1.395932e+00,4.612074e-13
1.397329e+00,1.091118e-11
1.398727e+00,9.827999e-12
1.400126e+00,7.168466e-13
1.401527e+00,2.160645e-12
1.402929e+00,5.206153e-12
1.404333e+00,6.229614e-13
1.405738e+00,4.371125e-12
1.407144e+00,1.970054e-12
1.408552e+00,2.015439e-12
1.409961e+00,3.613508e-13
1.411372e+00,3.279848e-12
1.412784e+00,1.351294e-11
1.414198e+00,3.115602e-12
1.415612e+00,9.321878e-12
1.417029e+00,1.748900e-11
1.418446e+00,5.380562e-12
1.419866e+00,2.803544e-12
1.421286e+00,2.395982e-11
1.422708e+00,2.268482e-11
1.424132e+00,2.473516e-11
1.425556e+00,2.213053e-11
1.426983e+00,3.118598e-11
1.428410e+00,4.719450e-12
1.429840e+00,4.242645e-11
1.431270e+00,3.408872e-11
1.432702e+00,2.118405e-11
1.434136e+00,2.209633e-11
1.435570e+00,4.075749e-11
1.437007e+00,1.632711e-11
1.438444e+00,3.517567e-11
1.439884e+00,4.655464e-11
1.441324e+00,4.200826e-11
1.442766e+00,6.516817e-11
1.444210e+00,5.795994e-11
1.445655e+00,2.853542e-11
1.447101e+00,5.348556e-11
1.448549e+00,5.428917e-11
1.449998e+00,2.395143e-11
1.451449e+00,2.295550e-11
1.452901e+00,7.583589e-11
1.454355e+00,1.024507e-10
1.455810e+00,6.107511e-11
1.457266e+00,4.215598e-11
1.458724e+00,1.273084e-10
1.460184e+00,9.228652e-11
1.461645e+00,6.909255e-11
1.463107e+00,5.831424e-11
1.464571e+00,1.037903e-10
1.466036e+00,3.631066e-11
1.467503e+00,3.789923e-11
1.468971e+00,7.303661e-11
1.470441e+00,2.449543e-11
1.471912e+00,3.791115e-11
1.473385e+00,4.624954e-11
1.474859e+00,9.932109e-11
1.476334e+00,3.962771e-11
1.477811e+00,4.508131e-11
1.479290e+00,6.535348e-11
1.480770e+00,4.850132e-11
1.482252e+00,4.598571e-11
1.483735e+00,6.481425e-11
1.485219e+00,6.053858e-11
1.486705e+00,4.176584e-11
1.488192e+00,6.738115e-11
1.489681e+00,8.540228e-11
1.491172e+00,8.971600e-11
1.492664e+00,7.824478e-11
1.494157e+00,1.170399e-10
1.495652e+00,1.082660e-10
1.497148e+00,1.021759e-10
1.498646e+00,1.117032e-10
1.500146e+00,1.343854e-10
1.501647e+00,1.459498e-10
1.503149e+00,1.226411e-10
1.504653e+00,1.182746e-10
1.506158e+00,1.509206e-10
1.507665e+00,1.383213e-10
1.509174e+00,1.332291e-10
1.510684e+00,1.540982e-10
1.512195e+00,1.330448e-10
1.513708e+00,1.176374e-10
1.515222e+00,1.564680e-10
1.516738e+00,1.461818e-10
1.518256e+00,1.410674e-10
1.519775e+00,1.573676e-10
1.521295e+00,1.394362e-10
1.522818e+00,1.587247e-10
1.524341e+00,1.573987e-10
1.525866e+00,1.556942e-10
1.527393e+00,1.658093e-10
1.528921e+00,1.677022e-10
1.530451e+00,1.640024e-10
1.531982e+00,1.695691e-10
1.533515e+00,1.683745e-10
1.535049e+00,1.654195e-10
1.536585e+00,1.738835e-10
1.538122e+00,1.750251e-10
1.539661e+00,1.723894e-10
1.541201e+00,1.760456e-10
1.542743e+00,1.788527e-10
1.544287e+00,1.727415e-10
1.545832e+00,1.819707e-10
1.547379e+00,1.834091e-10
1.548927e+00,1.847139e-10
1.550476e+00,1.816375e-10
1.552028e+00,1.842618e-10
1.553580e+00,1.876615e-10
1.555135e+00,1.891272e-10
1.556691e+00,1.903671e-10
1.558248e+00,1.903359e-10
1.559807e+00,1.907897e-10
1.561368e+00,1.924359e-10
1.562930e+00,1.918550e-10
1.564494e+00,1.938124e-10
1.566059e+00,1.949635e-10
1.567626e+00,1.934582e-10
1.569194e+00,1.938089e-10
1.570764e+00,1.822034e-10
1.572336e+00,1.757292e-10
1.573909e+00,1.900196e-10
1.575484e+00,1.979073e-10
1.577060e+00,1.880386e-10
1.578638e+00,1.931440e-10
1.580217e+00,1.900092e-10
1.581798e+00,2.034994e-10
1.583381e+00,2.006286e-10
1.584965e+00,2.065227e-10
1.586551e+00,2.096147e-10
1.588138e+00,2.120849e-10
1.589727e+00,2.128958e-10
1.591317e+00,2.144886e-10
1.592910e+00,2.154528e-10
1.594503e+00,2.159838e-10
1.596099e+00,2.159666e-10
1.597695e+00,2.157050e-10
1.599294e+00,2.168253e-10
1.600894e+00,2.106230e-10
1.602496e+00,2.061368e-10
1.604099e+00,2.076870e-10
1.605704e+00,2.206882e-10
1.607310e+00,2.163997e-10
1.608919e+00,2.123453e-10
1.610528e+00,2.063576e-10
1.612140e+00,2.216177e-10
1.613753e+00,2.236695e-10
1.615367e+00,2.233410e-10
1.616983e+00,2.255484e-10
1.618601e+00,2.263550e-10
1.620221e+00,2.281944e-10
1.621842e+00,2.292036e-10
1.623464e+00,2.298813e-10
1.625088e+00,2.300737e-10
1.626714e+00,2.292135e-10
1.628342e+00,2.300047e-10
1.629971e+00,2.310563e-10
1.631602e+00,2.306942e-10
1.633234e+00,2.287626e-10
1.634868e+00,2.327911e-10
1.636504e+00,2.300342e-10
1.638141e+00,2.311958e-10
1.639780e+00,2.304786e-10
1.641421e+00,2.327279e-10
1.643063e+00,2.344490e-10
1.644707e+00,2.311627e-10
1.646353e+00,2.312259e-10
1.648000e+00,2.331918e-10
1.649649e+00,2.359205e-10
1.651299e+00,2.324122e-10
1.652951e+00,2.350028e-10
1.654605e+00,2.329102e-10
1.656260e+00,2.358279e-10
1.657917e+00,2.415640e-10
1.659576e+00,2.433252e-10
1.661237e+00,2.415259e-10
1.662899e+00,2.437706e-10
1.664562e+00,2.423261e-10
1.666228e+00,2.393543e-10
1.667895e+00,2.436684e-10
1.669564e+00,2.449553e-10
1.671234e+00,2.471835e-10
1.672906e+00,2.482763e-10
1.674580e+00,2.480803e-10
1.676255e+00,2.486415e-10
1.677932e+00,2.358022e-10
1.679611e+00,2.477898e-10
1.681292e+00,2.515403e-10
1.682974e+00,2.520487e-10
1.684657e+00,2.510029e-10
1.686343e+00,2.532294e-10
1.688030e+00,2.524012e-10
1.689719e+00,2.422750e-10
1.691410e+00,2.483835e-10
1.693102e+00,2.546799e-10
1.694796e+00,2.550519e-10
1.696491e+00,2.528502e-10
1.698189e+00,2.545635e-10
1.699888e+00,2.527933e-10
1.701589e+00,2.495615e-10
1.703291e+00,2.558533e-10
1.704995e+00,2.510987e-10
1.706701e+00,2.495203e-10
1.708409e+00,2.344395e-10
1.710118e+00,2.535687e-10
1.711829e+00,2.587157e-10
1.713541e+00,2.519939e-10
1.715256e+00,2.453917e-10
1.716972e+00,2.518338e-10
1.718690e+00,2.621001e-10
1.720409e+00,2.341580e-10
1.722131e+00,2.180245e-10
1.723854e+00,2.243200e-10
1.725578e+00,2.406444e-10
1.727305e+00,2.476915e-10
1.729033e+00,2.197416e-10
1.730763e+00,2.548558e-10
1.732494e+00,2.390441e-10
1.734228e+00,2.549300e-10
1.735963e+00,1.945008e-10
1.737700e+00,2.385999e-10
1.739438e+00,2.478752e-10
1.741179e+00,2.076560e-10
1.742921e+00,2.541236e-10
1.744664e+00,2.492144e-10
1.746410e+00,1.834266e-10
1.748157e+00,2.330898e-10
1.749906e+00,2.551677e-10
1.751657e+00,2.297815e-10
1.753410e+00,2.580952e-10
1.755164e+00,2.292892e-10
1.756920e+00,1.680044e-10
1.758678e+00,2.428114e-10
1.760437e+00,2.540041e-10
1.762199e+00,2.167621e-10
1.763962e+00,2.303523e-10
1.765727e+00,1.768870e-10
1.767493e+00,2.409903e-10
1.769262e+00,2.405487e-10
1.771032e+00,2.362668e-10
1.772804e+00,2.233424e-10
1.774577e+00,1.740535e-10
1.776353e+00,1.472740e-10
1.778130e+00,1.646804e-10
1.779909e+00,1.653758e-10
1.781690e+00,1.482717e-10
1.783472e+00,1.901930e-10
1.785257e+00,7.051075e-11
1.787043e+00,1.202846e-10
1.788831e+00,1.920326e-10
1.790621e+00,1.175450e-10
1.792412e+00,6.082914e-11
1.794205e+00,8.052910e-11
1.796001e+00,6.102413e-11
1.797797e+00,9.506882e-11
1.799596e+00,7.017963e-11
1.801397e+00,8.083487e-12
1.803199e+00,2.247816e-11
1.805003e+00,5.994052e-11
1.806809e+00,7.403928e-12
1.808617e+00,2.907092e-11
1.810426e+00,1.997460e-11
1.812238e+00,1.865746e-12
1.814051e+00,2.005874e-11
1.815866e+00,4.267262e-12
1.817682e+00,1.044076e-11
1.819501e+00,2.898501e-12
1.821321e+00,3.247645e-13
1.823144e+00,1.015871e-11
1.824968e+00,8.222269e-12
1.826794e+00,5.180709e-13
1.828621e+00,2.495444e-13
1.830451e+00,1.162180e-13
1.832282e+00,2.530854e-13
1.834115e+00,3.303449e-13
1.835950e+00,5.652820e-14
1.837787e+00,7.370174e-14
1.839626e+00,1.374111e-13
1.841467e+00,8.243354e-14
1.843309e+00,9.080812e-13
1.845153e+00,4.428019e-12
1.846999e+00,4.185298e-13
1.848847e+00,1.643205e-13
1.850697e+00,1.292733e-12
1.852549e+00,6.163418e-12
1.854402e+00,2.512192e-12
1.856257e+00,2.563332e-12
1.858115e+00,4.152948e-12
1.859974e+00,2.333766e-12
1.861834e+00,3.397627e-12
1.863697e+00,3.832596e-13
1.865562e+00,2.447912e-12
1.867428e+00,1.146396e-12
1.869297e+00,4.925753e-14
1.871167e+00,5.520936e-14
1.873039e+00,5.800195e-14
1.874913e+00,5.428472e-14
1.876789e+00,3.616770e-13
1.878667e+00,2.663384e-12
1.880546e+00,1.748317e-12
1.882428e+00,4.346453e-12
1.884311e+00,5.657193e-12
1.886196e+00,2.279148e-12
1.888083e+00,1.575892e-11
1.889972e+00,8.642331e-12
1.891863e+00,4.247812e-12
1.893756e+00,1.384482e-12
1.895651e+00,8.453292e-12
1.897548e+00,1.138115e-12
1.899446e+00,7.667563e-14
1.901346e+00,1.350437e-12
1.903249e+00,6.935396e-13
1.905153e+00,2.401054e-13
1.907059e+00,4.221680e-13
1.908967e+00,6.901579e-13
1.910877e+00,1.055701e-13
1.912789e+00,6.649586e-14
1.914703e+00,1.274627e-13
1.916618e+00,1.700062e-12
1.918536e+00,5.835182e-12
1.920455e+00,3.704703e-13
1.922377e+00,2.624429e-12
1.924300e+00,1.615146e-12
1.926225e+00,2.099269e-12
1.928152e+00,5.568133e-13
1.930082e+00,1.093994e-12
1.932013e+00,6.628161e-13
1.933946e+00,2.815600e-12
1.935881e+00,6.398928e-12
1.937817e+00,1.571557e-12
1.939756e+00,1.859453e-12
1.941697e+00,9.295708e-12
1.943640e+00,8.094474e-12
1.945584e+00,2.953865e-12
1.947531e+00,4.054614e-12
1.949479e+00,8.540076e-12
1.951430e+00,2.617730e-11
1.953382e+00,1.286853e-11
1.955336e+00,3.930339e-12
1.957293e+00,1.197401e-12
1.959251e+00,5.809813e-12
1.961211e+00,1.959862e-11
1.963173e+00,1.568254e-11
1.965138e+00,1.687414e-11
1.967104e+00,3.237605e-11
1.969072e+00,5.148201e-11
1.971042e+00,3.732056e-11
1.973014e+00,5.910598e-11
1.974988e+00,4.194442e-11
1.976964e+00,7.530034e-11
1.978942e+00,7.410233e-11
1.980922e+00,5.713222e-11
1.982904e+00,9.392888e-11
1.984888e+00,9.404740e-11
1.986873e+00,7.581671e-11
1.988861e+00,9.787964e-11
1.990851e+00,8.087344e-11
1.992843e+00,1.042537e-10
1.994837e+00,7.953536e-11
1.996833e+00,4.308932e-11
1.998831e+00,5.993244e-11
