0.500932173,112.78959827415696,1.20983e-07
0.50451026,115.34030974532752,1.16003e-07
0.5081139047,115.36380073995709,1.16854e-07
0.5117432897,115.87173116220949,1.1931399999999998e-07
0.5153985989,109.00101807619744,1.19145e-07
0.5190800175,105.63729589675904,1.1844099999999997e-07
0.5227877319,116.21810401993967,1.1716299999999999e-07
0.52652193,113.34246754658469,1.15418e-07
0.5302828009,122.10478023125928,1.1378199999999999e-07
0.5340705352,118.91559836319772,1.1311599999999999e-07
0.5378853248,119.22668935626636,1.1292699999999999e-07
0.5417273628,117.51072630968312,1.10496e-07
0.5455968439,122.72459543834243,1.09421e-07
0.5494939643,121.84243915247974,1.10326e-07
0.5534189211,124.4138588243135,1.1013799999999999e-07
0.5573719134,121.74075128795948,1.09105e-07
0.5613531414,123.4267355576216,1.0735699999999999e-07
0.5653628067,123.70583524730407,1.05439e-07
0.5694011125,123.93332217720511,9.992819999999999e-08
0.5734682633,127.3411387292606,9.81966e-08
0.5775644651,125.8895157248272,9.89123e-08
0.5816899256,128.16824628251143,1.02333e-07
0.5858448536,127.98072872710893,1.0196799999999999e-07
0.5900294597,122.80432364078158,8.63461e-08
0.5942439559,127.53603656658704,8.93083e-08
0.5984885556,128.14602343035995,9.53611e-08
0.6027634738,126.59075866713717,1.01391e-07
0.6070689272,127.52095484902723,1.02785e-07
0.6114051338,126.2640646036846,1.0385899999999999e-07
0.6157723134,123.60947039697484,1.04661e-07
0.620170687,127.16015402454347,1.04834e-07
0.6246004776,124.36695720451554,1.03799e-07
0.6290619096,126.753491967704,9.75466e-08
0.633555209,125.79052894694284,1.0240899999999999e-07
0.6380806033,126.42948920657872,1.0587899999999999e-07
0.6426383219,126.40731374777705,1.0718699999999999e-07
0.6472285957,125.60877847041536,9.530279999999999e-08
0.6518516571,124.26373697640712,1.0032399999999999e-07
0.6565077403,116.204211013689,1.02648e-07
0.6611970813,123.63108082316232,1.0958699999999999e-07
0.6659199176,123.96337404495226,1.1170199999999999e-07
0.6706764885,123.21100124473259,1.12851e-07
0.6754670348,123.02642090404956,1.1340899999999999e-07
0.6802917993,123.02264404743904,1.1351199999999999e-07
0.6851510265,121.79671802281624,1.08699e-07
0.6900449624,122.07024882377885,9.40958e-08
0.694973855,122.05284029170637,9.00761e-08
0.6999379539,119.77034708991796,9.16037e-08
0.7049375107,120.4569296569686,9.809780000000001e-08
0.7099727787,119.9992134923294,1.04481e-07
0.7150440128,119.12853556843397,9.399989999999999e-08
0.72015147,117.03750126277907,6.20909e-08
0.7252954091,118.7840980951465,6.18408e-08
0.7304760906,116.79625306919908,6.611369999999999e-08
0.735693777,117.36200332908167,9.32021e-08
0.7409487325,114.69408239230516,1.07271e-07
0.7462412235,116.15984794552368,1.1448899999999999e-07
0.7515715179,115.07397578045016,1.15353e-07
0.7569398859,114.81488720154422,1.10913e-07
0.7623465994,114.89507695374336,3.3953100000000005e-08
0.7677919322,112.44622222526255,9.755730000000001e-08
0.7732761603,112.41674766639925,1.15572e-07
0.7787995615,112.39993372161663,1.1591499999999999e-07
0.7843624155,112.3001468689835,1.13141e-07
0.7899650042,111.58316237805595,1.0039600000000001e-07
0.7956076113,109.88736001715075,1.0084899999999999e-07
0.8012905228,110.178937225966,9.5848e-08
0.8070140266,108.7347482510534,1.02428e-07
0.8127784125,109.60225901593859,6.95908e-08
0.8185839726,107.39751812073548,5.97181e-08
0.8244310009,107.65415858370324,7.30707e-08
0.8303197938,106.93757093963964,7.31897e-08
0.8362506495,105.94466818601056,9.25758e-08
0.8422238684,105.80087100803917,1.0459399999999999e-07
0.8482397532,103.79125028253623,1.1115399999999999e-07
0.8542986086,97.7483586842706,1.11293e-07
0.8604007415,104.28133310419648,1.14888e-07
0.8665464611,98.95780994995181,1.16182e-07
0.8727360786,101.95232353838044,1.16119e-07
0.8789699078,101.5407164238224,1.14403e-07
0.8852482642,101.10510385637627,1.1112099999999999e-07
0.8915714661,100.96373912100977,9.96664e-08
0.8979398337,99.89485650224084,5.11913e-08
0.9043536897,98.7504662023268,6.382170000000001e-08
0.9108133589,98.14585199874696,4.41213e-08
0.9173191686,97.99720173916054,4.78482e-08
0.9238714484,94.68347527886725,5.83603e-08
0.9304705302,96.74487333513552,1.42903e-08
0.9371167482,95.96450274886713,6.43406e-09
0.9438104393,93.5996598512679,7.713920000000001e-09
0.9505519424,94.43906010380232,8.19295e-09
0.9573415992,92.37236762165016,1.64369e-08
0.9641797535,92.48806002374918,2.62754e-08
0.9710667517,91.9735024613597,5.53344e-08
0.9780029428000001,91.40945760919662,5.62461e-08
0.9849886781,91.06472248383012,8.77086e-08
0.9920243115,90.0841554831378,1.02686e-07
0.9991101994,89.49384372599694,1.08968e-07
1.006246701,86.57300767373084,1.0877299999999999e-07
1.013434177,87.96787197028449,1.10937e-07
1.020672993,87.30036323495098,1.10282e-07
1.027963514,86.6835165345271,1.13053e-07
1.035306111,85.32791396090956,1.1521599999999999e-07
1.042701154,84.83876674005371,1.1386399999999999e-07
1.05014902,84.51802180776622,1.1276099999999999e-07
1.057650084,83.29547543203287,1.10318e-07
1.065204728,82.42169144620037,1.06484e-07
1.072813333,81.3129880426956,1.0563199999999999e-07
1.080476285,80.47034502992531,1.0077e-07
1.088193973,79.83721321187613,9.23807e-08
1.095966787,77.56114286326051,7.295940000000001e-08
1.103795121,78.86251819255105,4.56019e-08
1.111679372,78.35020851839276,2.48568e-08
1.119619939,77.61519538278301,2.75398e-09
1.127617224,76.58299206070868,1.752e-09
1.135671633,76.05748485538908,3.28248e-09
1.143783573,75.24706093347379,3.19084e-09
1.151953456,75.11126816999463,5.31705e-09
1.160181695,73.57206712254127,2.79077e-08
1.168468707,73.49406737329244,4.88328e-08
1.176814912,72.82647881467736,6.13443e-08
1.185220733,71.28880854715189,5.8476200000000005e-08
1.193686595,71.93862858438396,6.801499999999999e-08
1.202212928,70.06674599886117,6.4638e-08
1.210800163,70.00889242523398,7.3621e-08
1.219448736,70.12343636914974,8.61293e-08
1.228159084,69.30060283896839,9.46947e-08
1.236931649,68.8397844319624,1.07144e-07
1.245766875,68.07597577424761,1.07757e-07
1.25466521,67.55733632438933,1.00279e-07
1.263627104,66.79117609030354,8.03622e-08
1.272653012,66.7288131653931,8.49743e-08
1.281743391,63.76816524625369,1.01196e-07
1.290898701,65.31157181102836,9.2054e-08
1.300119406,64.91637457310497,7.34985e-08
1.309405973,64.01775583881974,5.57895e-08
1.318758873,63.31124636609075,3.8001699999999995e-08
1.328178579,62.60267735604086,1.74862e-08
1.337665569,62.44061758471019,8.715e-09
1.347220323,61.74906637346049,7.4451e-10
1.356843325,61.266578205264,2.28584e-10
1.366535063,60.442052035364824,2.0164400000000002e-10
1.376296028,60.108743237612885,2.1665300000000002e-10
1.386126714,59.45504790778622,2.10052e-10
1.396027619,58.8962612758922,2.10067e-10
1.405999245,58.3559028981869,2.1213100000000003e-10
1.416042097,57.71699682914409,2.4679200000000005e-10
1.426156683,56.83724923572959,3.3514500000000004e-10
1.436343516,56.38291842171432,3.6222500000000006e-10
1.446603113,55.61639645312218,7.705500000000001e-10
1.456935992,55.15252619815482,2.61783e-09
1.467342678,54.898800475010994,1.3346300000000002e-09
1.477823697,54.242480844147394,2.60052e-09
1.488379581,52.88713064328272,1.2425799999999999e-08
1.499010863,51.82440259273701,4.08926e-08
